# 61.13663277 1
# 0.5 -0.5 -0.5 20.5 9.8923 20.5
# 0.5 0.5 0 0 0 0
61.13663277 838 1931 18.48840533 0.4817779427 9.571795172 9.455203948e-06 -9.591793353e-06 1.985850444 0.5957551333 0.8375474184 -0.3098441184 -0.4500121601 0.5142765035 0.7251882368 0.4578446233
61.13663277 1931 838 18.48840533 0.4817779427 9.571795172 9.455203948e-06 -9.591793353e-06 1.985850444 0.5957551333 -0.8375474184 0.3098441184 0.4500121601 -0.5142765035 -0.7251882368 -0.4578446233
61.13663277 1920 2240 14.37661335 5.977057438 6.851768972 1.840876066e-06 -1.575729984e-06 0.4406058955 0.1321817686 0.4771618237 0.0881862202 0.874379657 0.7224098533 0.5272145609 -0.4474022917
61.13663277 2240 1920 14.37661335 5.977057438 6.851768972 1.840876066e-06 -1.575729984e-06 0.4406058955 0.1321817686 -0.4771618237 -0.0881862202 -0.874379657 -0.7224098533 -0.5272145609 0.4474022917
61.13663277 1326 3420 5.711378287 5.601297518 10.01829744 8.452042551e-06 -8.462312026e-06 1.72945212 0.5188356359 -0.144542091 -0.9371545414 -0.3175672361 -0.9824576813 0.1741399575 -0.06672465538
61.13663277 3420 1326 5.711378287 5.601297518 10.01829744 8.452042551e-06 -8.462312026e-06 1.72945212 0.5188356359 0.144542091 0.9371545414 0.3175672361 0.9824576813 -0.1741399575 0.06672465538
61.13663277 2800 3306 17.25437498 6.108269246 10.25458099 5.856714351e-06 -5.564565961e-06 1.256608812 0.3769826435 0.2426006378 -0.3656358494 -0.898585197 -0.8879718396 0.2893456114 -0.3574704592
61.13663277 3306 2800 17.25437498 6.108269246 10.25458099 5.856714351e-06 -5.564565961e-06 1.256608812 0.3769826435 -0.2426006378 0.3656358494 0.898585197 0.8879718396 -0.2893456114 0.3574704592
61.13663277 2140 2595 10.67125839 0.06521738534 11.51319018 5.401144623e-06 -5.133296274e-06 1.018154661 0.3054463984 -0.9840430538 0.137808701 0.1125523445 0.1486410202 0.2889954861 0.9457206015
61.13663277 2595 2140 10.67125839 0.06521738534 11.51319018 5.401144623e-06 -5.133296274e-06 1.018154661 0.3054463984 0.9840430538 -0.137808701 -0.1125523445 -0.1486410202 -0.2889954861 -0.9457206015
61.13663277 1337 173 12.69655391 6.887304661 0.4695125943 0.0001176283332 -0.0001220909515 19.82807587 5.88699474 -0.3336658923 -0.08180029904 0.9391356576 -0.942118431 0.0636642921 -0.3291803759
61.13663277 938 1810 18.41997359 1.363938681 10.21777656 1.240708143e-06 -7.695681851e-07 0.2452520396 0.07357561187 -0.8541713762 0.4747310788 -0.2121830883 0.03389622336 0.4580167769 0.8882970664
61.13663277 1810 938 18.41997359 1.363938681 10.21777656 1.240708143e-06 -7.695681851e-07 0.2452520396 0.07357561187 0.8541713762 -0.4747310788 0.2121830883 -0.03389622336 -0.4580167769 -0.8882970664
61.13663277 930 1529 19.52631284 8.340456249 6.013089033 6.569380009e-05 -4.835100891e-05 12.92499157 2.715666331 0.9374956775 -0.3373202229 -0.08553900833 0.2818001153 0.591649333 0.7553408249
61.13663277 1529 930 19.52631284 8.340456249 6.013089033 6.569380009e-05 -4.835100891e-05 12.92499157 2.715666331 -0.9374956775 0.3373202229 0.08553900833 -0.2818001153 -0.591649333 -0.7553408249
61.13663277 1256 3366 13.8976384 0.4481205384 13.82778577 1.869979161e-05 -1.833673425e-05 3.782503488 1.134751046 -0.648556905 -0.4481198264 0.6152743796 -0.7472041646 0.2207073676 -0.6268765383
61.13663277 3366 1256 13.8976384 0.4481205384 13.82778577 1.869979161e-05 -1.833673425e-05 3.782503488 1.134751046 0.648556905 0.4481198264 -0.6152743796 0.7472041646 -0.2207073676 0.6268765383
61.13663277 515 2702 6.983273254 2.802683691 8.745989181 1.595528412e-05 -1.395938896e-05 2.94911253 0.734966198 0.9532862788 0.2200819845 0.20690382 0.270395555 -0.9270571361 -0.2597139008
61.13663277 2702 515 6.983273254 2.802683691 8.745989181 1.595528412e-05 -1.395938896e-05 2.94911253 0.734966198 -0.9532862788 -0.2200819845 -0.20690382 -0.270395555 0.9270571361 0.2597139008
61.13663277 673 2823 12.99769219 0.7861414294 11.65010809 2.505131141e-05 -1.309063368e-05 4.810859054 0.7166127244 0.6561943229 0.5344833091 -0.5326693185 -0.7474952419 0.5570012571 -0.361939861
61.13663277 2823 673 12.99769219 0.7861414294 11.65010809 2.505131141e-05 -1.309063368e-05 4.810859054 0.7166127244 -0.6561943229 -0.5344833091 0.5326693185 0.7474952419 -0.5570012571 0.361939861
