# 106.0179699 1
# 0.5 -0.5 -0.5 20.5 9.8923 20.5
# 0.5 0.5 0 0 0 0
106.0179699 2834 3004 4.932527033 9.29241461 9.491816038 7.944328108e-06 -8.032541991e-06 1.526434816 0.4579304449 -0.06194221112 -0.2177683672 -0.9740329054 0.870206671 -0.4897026102 0.05414520622
106.0179699 3004 2834 4.932527033 9.29241461 9.491816038 7.944328108e-06 -8.032541991e-06 1.526434816 0.4579304449 0.06194221112 0.2177683672 0.9740329054 -0.870206671 0.4897026102 -0.05414520622
106.0179699 599 2014 5.701595882 8.492857723 12.52832366 7.497935336e-07 -3.98354822e-07 -0.1082906032 0.03248718095 0.07891706156 -0.9700092716 -0.2299002185 0.2709738252 0.242809234 -0.9314595332
106.0179699 2014 599 5.701595882 8.492857723 12.52832366 7.497935336e-07 -3.98354822e-07 -0.1082906032 0.03248718095 -0.07891706156 0.9700092716 0.2299002185 -0.2709738252 -0.242809234 0.9314595332
106.0179699 3338 3389 7.867123945 5.769198025 9.671536927 1.686588632e-06 -1.248346886e-06 0.3441286934 0.103238608 -0.3749609616 -0.5961010607 0.7099773255 0.2064969763 0.6929062609 0.6908255296
106.0179699 3389 3338 7.867123945 5.769198025 9.671536927 1.686588632e-06 -1.248346886e-06 0.3441286934 0.103238608 0.3749609616 0.5961010607 -0.7099773255 -0.2064969763 -0.6929062609 -0.6908255296
106.0179699 526 1166 5.642147218 8.446924675 9.105571609 7.151355054e-06 -7.31000576e-06 1.455044401 0.4365133202 0.4326961582 0.8772592138 -0.2078227767 -0.6843582656 0.469675759 0.5577261386
106.0179699 1166 526 5.642147218 8.446924675 9.105571609 7.151355054e-06 -7.31000576e-06 1.455044401 0.4365133202 -0.4326961582 -0.8772592138 0.2078227767 0.6843582656 -0.469675759 -0.5577261386
106.0179699 2230 3240 5.115428009 9.334599454 12.00791234 2.272242152e-05 -1.85125517e-05 4.380525551 1.019345283 0.6042099748 0.7968155497 0.003909740171 -0.06696510531 0.04588784489 0.9966995437
106.0179699 3240 2230 5.115428009 9.334599454 12.00791234 2.272242152e-05 -1.85125517e-05 4.380525551 1.019345283 -0.6042099748 -0.7968155497 -0.003909740171 0.06696510531 -0.04588784489 -0.9966995437
106.0179699 874 1414 10.15911344 7.849116598 10.40001302 9.94903199e-06 -1.011061676e-05 1.965726942 0.5897180826 -0.4227911867 -0.7645386644 0.486547267 0.9031094444 -0.3109641443 0.2961327951
106.0179699 1414 874 10.15911344 7.849116598 10.40001302 9.94903199e-06 -1.011061676e-05 1.965726942 0.5897180826 0.4227911867 0.7645386644 -0.486547267 -0.9031094444 0.3109641443 -0.2961327951
106.0179699 1403 1737 19.50105225 6.286489393 10.00117208 2.752047707e-06 -2.356184074e-06 0.4455586199 0.1074505412 0.8622445703 0.09075560854 0.4982948128 -0.1082666685 0.9941020176 0.006285462789
106.0179699 1737 1403 19.50105225 6.286489393 10.00117208 2.752047707e-06 -2.356184074e-06 0.4455586199 0.1074505412 -0.8622445703 -0.09075560854 -0.4982948128 0.1082666685 -0.9941020176 -0.006285462789
106.0179699 1276 1918 5.764050731 9.088043616 11.37948336 8.421620021e-06 -8.790524585e-06 1.674520148 0.5023560444 0.08157724128 0.8060839682 -0.5861516782 -0.9763407039 0.1828014437 0.1155095762
106.0179699 1918 1276 5.764050731 9.088043616 11.37948336 8.421620021e-06 -8.790524585e-06 1.674520148 0.5023560444 -0.08157724128 -0.8060839682 0.5861516782 0.9763407039 -0.1828014437 -0.1155095762
106.0179699 1164 1426 14.82784811 7.739163111 9.808081491 1.124771966e-05 -1.088614323e-05 2.264042916 0.6792128748 0.9506524625 0.3070445904 -0.0445366705 -0.2661012279 0.8807195238 0.3918204397
106.0179699 1426 1164 14.82784811 7.739163111 9.808081491 1.124771966e-05 -1.088614323e-05 2.264042916 0.6792128748 -0.9506524625 -0.3070445904 0.0445366705 0.2661012279 -0.8807195238 -0.3918204397
106.0179699 1676 2157 2.752436088 3.898627451 8.670428535 9.516427685e-06 -9.405099486e-06 1.9101667 0.5730500101 0.957819087 0.0226265197 -0.2864797325 -0.0773248402 0.9804213006 -0.1810937392
106.0179699 2157 1676 2.752436088 3.898627451 8.670428535 9.516427685e-06 -9.405099486e-06 1.9101667 0.5730500101 -0.957819087 -0.0226265197 0.2864797325 0.0773248402 -0.9804213006 0.1810937392
106.0179699 2357 2464 4.611983975 5.403438299 11.90385933 4.524175556e-06 -3.115422497e-06 1.172662391 0.3517987174 0.741678307 -0.6254474287 -0.2423402626 -0.2382325031 0.09211013993 -0.9668303867
106.0179699 2464 2357 4.611983975 5.403438299 11.90385933 4.524175556e-06 -3.115422497e-06 1.172662391 0.3517987174 -0.741678307 0.6254474287 0.2423402626 0.2382325031 -0.09211013993 0.9668303867
106.0179699 874 1869 9.845301652 7.854614312 10.94186382 7.798662522e-07 -6.307636562e-07 0.2491904287 0.07475712862 0.2048367538 -0.7755270906 -0.5971596404 0.9748635945 0.1070111056 0.1954215837
106.0179699 1869 874 9.845301652 7.854614312 10.94186382 7.798662522e-07 -6.307636562e-07 0.2491904287 0.07475712862 -0.2048367538 0.7755270906 0.5971596404 -0.9748635945 -0.1070111056 -0.1954215837
